image: ../data/map_dm_res20.pgm
resolution: 0.050000
origin: [-118.311072, -75.736719, 0.0]
negate: 0
occupied_thresh: 0.65
free_thresh: 0.196
